1      1-H-1           1       99.988500   1.007825    
1      2-H-1           2       0.011500    2.014102    
1      3-H-1           3       0.000000    3.016049    

2      3-He-2          3       0.000137    3.016029    
2      4-He-2          4       99.999863   4.002603    

3      6-Li-3          6       7.590000    6.015122    
3      7-Li-3          7       92.410000   7.016004    

4      9-Be-4          9       100.000000  9.012182    

5      10-B-5          10      19.900000   10.012937   
5      11-B-5          11      80.100000   11.009305   

6      12-C-6          12      98.930000   12.000000   
6      13-C-6          13      1.070000    13.003355   
6      14-C-6          14      0.000000    14.003242   

7      14-N-7          14      99.632000   14.003074   
7      15-N-7          15      0.368000    15.000109   

8      16-O-8          16      99.757000   15.994915   
8      17-O-8          17      0.038000    16.999132   
8      18-O-8          18      0.205000    17.999160   

9      19-F-9          19      100.000000  18.998403   

10     20-Ne-10        20      90.480000   19.992440   
10     21-Ne-10        21      0.270000    20.993847   
10     22-Ne-10        22      9.250000    21.991386   

11     23-Na-11        23      100.000000  22.989770   

12     24-Mg-12        24      78.990000   23.985042   
12     25-Mg-12        25      10.000000   24.985837   
12     26-Mg-12        26      11.010000   25.982593   

13     27-Al-13        27      100.000000  26.981538   

14     28-Si-14        28      92.229700   27.976927   
14     29-Si-14        29      4.683200    28.976495   
14     30-Si-14        30      3.087200    29.973770   

15     31-P-15         31      100.000000  30.973762   

16     32-S-16         32      94.930000   31.972071   
16     33-S-16         33      0.760000    32.971458   
16     34-S-16         34      4.290000    33.967867   
16     36-S-16         36      0.020000    35.967081   

17     35-Cl-17        35      75.780000   34.968853   
17     37-Cl-17        37      24.220000   36.965903   

18     36-Ar-18        36      0.336500    35.967546   
18     38-Ar-18        38      0.063200    37.962732   
18     40-Ar-18        40      99.600300   39.962383   

19     39-K-19         39      93.258100   38.963707   
19     40-K-19         40      0.011700    39.963999   
19     41-K-19         41      6.730200    40.961826   

20     40-Ca-20        40      96.941000   39.962591   
20     42-Ca-20        42      0.647000    41.958618   
20     43-Ca-20        43      0.135000    42.958767   
20     44-Ca-20        44      2.086000    43.955481   
20     46-Ca-20        46      0.004000    45.953693   
20     48-Ca-20        48      0.187000    47.952534   

21     45-Sc-21        45      100.000000  44.955910   

22     46-Ti-22        46      8.250000    45.952630   
22     47-Ti-22        47      7.440000    46.951764   
22     48-Ti-22        48      73.720000   47.947947   
22     49-Ti-22        49      5.410000    48.947871   
22     50-Ti-22        50      5.180000    49.944792   

23     50-V-23         50      0.250000    49.947163   
23     51-V-23         51      99.750000   50.943964   

24     50-Cr-24        50      4.345000    49.946050   
24     52-Cr-24        52      83.789000   51.940512   
24     53-Cr-24        53      9.501000    52.940654   
24     54-Cr-24        54      2.365000    53.938885   

25     55-Mn-25        55      100.000000  54.938050   

26     54-Fe-26        54      5.845000    53.939615   
26     56-Fe-26        56      91.754000   55.934942   
26     57-Fe-26        57      2.119000    56.935399   
26     58-Fe-26        58      0.282000    57.933281   

27     59-Co-27        59      100.000000  58.933200   

28     58-Ni-28        58      68.076900   57.935348   
28     60-Ni-28        60      26.223100   59.930791   
28     61-Ni-28        61      1.139900    60.931060   
28     62-Ni-28        62      3.634500    61.928349   
28     64-Ni-28        64      0.925600    63.927970   

29     63-Cu-29        63      69.170000   62.929601   
29     65-Cu-29        65      30.830000   64.927794   

30     64-Zn-30        64      48.630000   63.929147   
30     66-Zn-30        66      27.900000   65.926037   
30     67-Zn-30        67      4.100000    66.927131   
30     68-Zn-30        68      18.750000   67.924848   
30     70-Zn-30        70      0.620000    69.925325   

31     69-Ga-31        69      60.108000   68.925581   
31     71-Ga-31        71      39.892000   70.924705   

32     70-Ge-32        70      20.840000   69.924250   
32     72-Ge-32        72      27.540000   71.922076   
32     73-Ge-32        73      7.730000    72.923459   
32     74-Ge-32        74      36.280000   73.921178   
32     76-Ge-32        76      7.610000    75.921403   

33     75-As-33        75      100.000000  74.921596   

34     74-Se-34        74      0.890000    73.922477   
34     76-Se-34        76      9.370000    75.919214   
34     77-Se-34        77      7.630000    76.919915   
34     78-Se-34        78      23.770000   77.917310   
34     80-Se-34        80      49.610000   79.916522   
34     82-Se-34        82      8.730000    81.916700   

35     79-Br-35        79      50.690000   78.918338   
35     81-Br-35        81      49.310000   80.916291   

36     78-Kr-36        78      0.350000    77.920386   
36     80-Kr-36        80      2.280000    79.916378   
36     82-Kr-36        82      11.580000   81.913485   
36     83-Kr-36        83      11.490000   82.914136   
36     84-Kr-36        84      57.000000   83.911507   
36     86-Kr-36        86      17.300000   85.910610   

37     85-Rb-37        85      72.170000   84.911789   
37     87-Rb-37        87      27.830000   86.909183   

38     84-Sr-38        84      0.560000    83.913425   
38     86-Sr-38        86      9.860000    85.909262   
38     87-Sr-38        87      7.000000    86.908879   
38     88-Sr-38        88      82.580000   87.905614   

39     89-Y-39         89      100.000000  88.905848   

40     90-Zr-40        90      51.450000   89.904704   
40     91-Zr-40        91      11.220000   90.905645   
40     92-Zr-40        92      17.150000   91.905040   
40     94-Zr-40        94      17.380000   93.906316   
40     96-Zr-40        96      2.800000    95.908276   

41     93-Nb-41        93      100.000000  92.906378   

42     92-Mo-42        92      14.840000   91.906810   
42     94-Mo-42        94      9.250000    93.905088   
42     95-Mo-42        95      15.920000   94.905841   
42     96-Mo-42        96      16.680000   95.904679   
42     97-Mo-42        97      9.550000    96.906021   
42     98-Mo-42        98      24.130000   97.905408   
42     100-Mo-42       100     9.630000    99.907477   

43     97-Tc-43        97      0.000000    96.906365   
43     98-Tc-43        98      0.000000    97.907216   
43     99-Tc-43        99      0.000000    98.906255   

44     96-Ru-44        96      5.540000    95.907598   
44     98-Ru-44        98      1.870000    97.905287   
44     99-Ru-44        99      12.760000   98.905939   
44     100-Ru-44       100     12.600000   99.904220   
44     101-Ru-44       101     17.060000   100.905582  
44     102-Ru-44       102     31.550000   101.904349  
44     104-Ru-44       104     18.620000   103.905430  

45     103-Rh-45       103     100.000000  102.905504  

46     102-Pd-46       102     1.020000    101.905608  
46     104-Pd-46       104     11.140000   103.904035  
46     105-Pd-46       105     22.330000   104.905084  
46     106-Pd-46       106     27.330000   105.903483  
46     108-Pd-46       108     26.460000   107.903894  
46     110-Pd-46       110     11.720000   109.905152  

47     107-Ag-47       107     51.839000   106.905093  
47     109-Ag-47       109     48.161000   108.904756  

48     106-Cd-48       106     1.250000    105.906458  
48     108-Cd-48       108     0.890000    107.904183  
48     110-Cd-48       110     12.490000   109.903006  
48     111-Cd-48       111     12.800000   110.904182  
48     112-Cd-48       112     24.130000   111.902757  
48     113-Cd-48       113     12.220000   112.904401  
48     114-Cd-48       114     28.730000   113.903358  
48     116-Cd-48       116     7.490000    115.904755  

49     113-In-49       113     4.290000    112.904061  
49     115-In-49       115     95.710000   114.903878  

50     112-Sn-50       112     0.970000    111.904821  
50     114-Sn-50       114     0.660000    113.902782  
50     115-Sn-50       115     0.340000    114.903346  
50     116-Sn-50       116     14.540000   115.901744  
50     117-Sn-50       117     7.680000    116.902954  
50     118-Sn-50       118     24.220000   117.901606  
50     119-Sn-50       119     8.590000    118.903309  
50     120-Sn-50       120     32.580000   119.902197  
50     122-Sn-50       122     4.630000    121.903440  
50     124-Sn-50       124     5.790000    123.905275  

51     121-Sb-51       121     57.210000   120.903818  
51     123-Sb-51       123     42.790000   122.904216  

52     120-Te-52       120     0.090000    119.904020  
52     122-Te-52       122     2.550000    121.903047  
52     123-Te-52       123     0.890000    122.904273  
52     124-Te-52       124     4.740000    123.902820  
52     125-Te-52       125     7.070000    124.904425  
52     126-Te-52       126     18.840000   125.903306  
52     128-Te-52       128     31.740000   127.904461  
52     130-Te-52       130     34.080000   129.906223  

53     127-I-53        127     100.000000  126.904468  

54     124-Xe-54       124     0.090000    123.905896  
54     126-Xe-54       126     0.090000    125.904269  
54     128-Xe-54       128     1.920000    127.903530  
54     129-Xe-54       129     26.440000   128.904779  
54     130-Xe-54       130     4.080000    129.903508  
54     131-Xe-54       131     21.180000   130.905082  
54     132-Xe-54       132     26.890000   131.904155  
54     134-Xe-54       134     10.440000   133.905394  
54     136-Xe-54       136     8.870000    135.907220  

55     133-Cs-55       133     100.000000  132.905447  

56     130-Ba-56       130     0.106000    129.906310  
56     132-Ba-56       132     0.101000    131.905056  
56     134-Ba-56       134     2.417000    133.904503  
56     135-Ba-56       135     6.592000    134.905683  
56     136-Ba-56       136     7.854000    135.904570  
56     137-Ba-56       137     11.232000   136.905821  
56     138-Ba-56       138     71.698000   137.905241  

57     138-La-57       138     0.090000    137.907107  
57     139-La-57       139     99.910000   138.906348  

58     136-Ce-58       136     0.185000    135.907140  
58     138-Ce-58       138     0.251000    137.905986  
58     140-Ce-58       140     88.450000   139.905434  
58     142-Ce-58       142     11.114000   141.909240  

59     141-Pr-59       141     100.000000  140.907648  

60     142-Nd-60       142     27.200000   141.907719  
60     143-Nd-60       143     12.200000   142.909810  
60     144-Nd-60       144     23.800000   143.910083  
60     145-Nd-60       145     8.300000    144.912569  
60     146-Nd-60       146     17.200000   145.913112  
60     148-Nd-60       148     5.700000    147.916889  
60     150-Nd-60       150     5.600000    149.920887  

61     145-Pm-61       145     0.000000    144.912744  
61     147-Pm-61       147     0.000000    146.915134  

62     144-Sm-62       144     3.070000    143.911995  
62     147-Sm-62       147     14.990000   146.914893  
62     148-Sm-62       148     11.240000   147.914818  
62     149-Sm-62       149     13.820000   148.917180  
62     150-Sm-62       150     7.380000    149.917271  
62     152-Sm-62       152     26.750000   151.919728  
62     154-Sm-62       154     22.750000   153.922205  

63     151-Eu-63       151     47.810000   150.919846  
63     153-Eu-63       153     52.190000   152.921226  

64     152-Gd-64       152     0.200000    151.919788  
64     154-Gd-64       154     2.180000    153.920862  
64     155-Gd-64       155     14.800000   154.922619  
64     156-Gd-64       156     20.470000   155.922120  
64     157-Gd-64       157     15.650000   156.923957  
64     158-Gd-64       158     24.840000   157.924101  
64     160-Gd-64       160     21.860000   159.927051  

65     159-Tb-65       159     100.000000  158.925343  

66     156-Dy-66       156     0.060000    155.924278  
66     158-Dy-66       158     0.100000    157.924405  
66     160-Dy-66       160     2.340000    159.925194  
66     161-Dy-66       161     18.910000   160.926930  
66     162-Dy-66       162     25.510000   161.926795  
66     163-Dy-66       163     24.900000   162.928728  
66     164-Dy-66       164     28.180000   163.929171  

67     165-Ho-67       165     100.000000  164.930319  

68     162-Er-68       162     0.140000    161.928775  
68     164-Er-68       164     1.610000    163.929197  
68     166-Er-68       166     33.610000   165.930290  
68     167-Er-68       167     22.930000   166.932045  
68     168-Er-68       168     26.780000   167.932368  
68     170-Er-68       170     14.930000   169.935460  

69     169-Tm-69       169     100.000000  168.934211  

70     168-Yb-70       168     0.130000    167.933894  
70     170-Yb-70       170     3.040000    169.934759  
70     171-Yb-70       171     14.280000   170.936322  
70     172-Yb-70       172     21.830000   171.936378  
70     173-Yb-70       173     16.130000   172.938207  
70     174-Yb-70       174     31.830000   173.938858  
70     176-Yb-70       176     12.760000   175.942568  

71     175-Lu-71       175     97.410000   174.940768  
71     176-Lu-71       176     2.590000    175.942682  

72     174-Hf-72       174     0.160000    173.940040  
72     176-Hf-72       176     5.260000    175.941402  
72     177-Hf-72       177     18.600000   176.943220  
72     178-Hf-72       178     27.280000   177.943698  
72     179-Hf-72       179     13.620000   178.945815  
72     180-Hf-72       180     35.080000   179.946549  

73     180-Ta-73       180     0.012000    179.947466  
73     181-Ta-73       181     99.988000   180.947996  

74     180-W-74        180     0.120000    179.946706  
74     182-W-74        182     26.500000   181.948206  
74     183-W-74        183     14.310000   182.950224  
74     184-W-74        184     30.640000   183.950933  
74     186-W-74        186     28.430000   185.954362  

75     185-Re-75       185     37.400000   184.952956  
75     187-Re-75       187     62.600000   186.955751  

76     184-Os-76       184     0.020000    183.952491  
76     186-Os-76       186     1.590000    185.953838  
76     187-Os-76       187     1.960000    186.955748  
76     188-Os-76       188     13.240000   187.955836  
76     189-Os-76       189     16.150000   188.958145  
76     190-Os-76       190     26.260000   189.958445  
76     192-Os-76       192     40.780000   191.961479  

77     191-Ir-77       191     37.300000   190.960591  
77     193-Ir-77       193     62.700000   192.962924  

78     190-Pt-78       190     0.014000    189.959930  
78     192-Pt-78       192     0.782000    191.961035  
78     194-Pt-78       194     32.967000   193.962664  
78     195-Pt-78       195     33.832000   194.964774  
78     196-Pt-78       196     25.242000   195.964935  
78     198-Pt-78       198     7.163000    197.967876  

79     197-Au-79       197     100.000000  196.966552  

80     196-Hg-80       196     0.150000    195.965815  
80     198-Hg-80       198     9.970000    197.966752  
80     199-Hg-80       199     16.870000   198.968262  
80     200-Hg-80       200     23.100000   199.968309  
80     201-Hg-80       201     13.180000   200.970285  
80     202-Hg-80       202     29.860000   201.970626  
80     204-Hg-80       204     6.870000    203.973476  

81     203-Tl-81       203     29.524000   202.972329  
81     205-Tl-81       205     70.476000   204.974412  

82     204-Pb-82       204     1.400000    203.973029  
82     206-Pb-82       206     24.100000   205.974449  
82     207-Pb-82       207     22.100000   206.975881  
82     208-Pb-82       208     52.400000   207.976636  

83     209-Bi-83       209     100.000000  208.980383  

84     209-Po-84       209     0.000000    208.982416  
84     210-Po-84       210     0.000000    209.982857  

85     210-At-85       210     0.000000    209.987131  
85     211-At-85       211     0.000000    210.987481  

86     211-Rn-86       211     0.000000    210.990585  
86     220-Rn-86       220     0.000000    220.011384  
86     222-Rn-86       222     0.000000    222.017571  

87     223-Fr-87       223     0.000000    223.019731  

88     223-Ra-88       223     0.000000    223.018497  
88     224-Ra-88       224     0.000000    224.020202  
88     226-Ra-88       226     0.000000    226.025403  
88     228-Ra-88       228     0.000000    228.031064  

89     227-Ac-89       227     0.000000    227.027747  

90     230-Th-90       230     0.000000    230.033127  
90     232-Th-90       232     100.000000  232.038050  

91     231-Pa-91       231     100.000000  231.035879  

92     233-U-92        233     0.000000    233.039628  
92     234-U-92        234     0.005500    234.040946  
92     235-U-92        235     0.720000    235.043923  
92     236-U-92        236     0.000000    236.045562  
92     238-U-92        238     99.274500   238.050783  

93     237-Np-93       237     0.000000    237.048167  
93     239-Np-93       239     0.000000    239.052931  

94     238-Pu-94       238     0.000000    238.049553  
94     239-Pu-94       239     0.000000    239.052156  
94     240-Pu-94       240     0.000000    240.053808  
94     241-Pu-94       241     0.000000    241.056845  
94     242-Pu-94       242     0.000000    242.058737  
94     244-Pu-94       244     0.000000    244.064198  

95     241-Am-95       241     0.000000    241.056823  
95     243-Am-95       243     0.000000    243.061373  

96     243-Cm-96       243     0.000000    243.061382  
96     244-Cm-96       244     0.000000    244.062746  
96     245-Cm-96       245     0.000000    245.065486  
96     246-Cm-96       246     0.000000    246.067218  
96     247-Cm-96       247     0.000000    247.070347  
96     248-Cm-96       248     0.000000    248.072342  

97     247-Bk-97       247     0.000000    247.070299  
97     249-Bk-97       249     0.000000    249.074980  

98     249-Cf-98       249     0.000000    249.074847  
98     250-Cf-98       250     0.000000    250.076400  
98     251-Cf-98       251     0.000000    251.079580  
98     252-Cf-98       252     0.000000    252.081620  

99     252-Es-99       252     0.000000    252.082970  

100    257-Fm-100      257     0.000000    257.095099  

101    256-Md-101      256     0.000000    256.094050  
101    258-Md-101      258     0.000000    258.098425  

102    259-No-102      259     0.000000    259.101020  

103    262-Lr-103      262     0.000000    262.109690  

104    261-Rf-104      261     0.000000    261.108750  

105    262-Db-105      262     0.000000    262.114150  

106    266-Sg-106      266     0.000000    266.121930  

107    264-Bh-107      264     0.000000    264.124730  

108    277-Hs-108      277     0.000000    269.134110  

109    268-Mt-109      268     0.000000    268.138820  

110    281-Uun-110     281     0.000000    271.146080  

111    272-Uuu-111     272     0.000000    272.153480  
